latitude=37.451688
longitude=122.18305
